Crop,Variety,Description,S_b_temp,S_t_time,Opt_temp,G_b_temp,G_t_time,Max_temp,F_b_temp,F_t_time,Sensitivity,R_growth,S_l_area,Index_green,Extinction,Radiation,Root_growth,S_crop,Index_n,Slope,Potential,Nitrogen,S_storage,S_htemp
Chick pea,Annaigeri,,0,95.1,25,0,874.55,40,0,1385.5,1,0.004,0.0015,1,0.75,1.2,15,1,1,7500,100,0.038,1,1
Chick pea,JG 74,,0,90.9,25,0,1159.3,40,0,1137.85,1,0.004,0.0015,1,0.75,1.2,15,1,1,7500,100,0.038,1,1
Chick pea,ICCV 95909,,0,123,25,0,2520,40,0,1336.5,1,0.004,0.0015,1,0.75,1.2,15,1,1,7500,100,0.038,1,1
Chick pea,GNG 469,,0,123.3,25,0,2493.4,40,0,1298.2,1,0.004,0.0015,1,0.75,1.2,15,1,1,7500,100,0.038,1,1
Chick pea,GL 92162,,0,123.3,25,0,2427,40,0,1465.8,1,0.004,0.0015,1,0.75,1.2,15,1,1,7500,100,0.038,1,1
Chick pea,Default,Most commonly grown variety of Chick pea growing region,0,75,25,0,875,40,0,1385,1,0.004,0.0015,1,0.75,1.8,15,1,1,10000,100,0.038,1,1
Cotton,Default,Common variety of Cotton grown in many regions of India.,12,70,35,12,1000,42,12,1800,1,0.007,0.002,1,0.6,1.8,12,1,1,90,4500,0.03,1,1
Cotton,NHH44,,9,70,35,9,1100,42,12,1750,1,0.007,0.002,1,0.6,1.4,12,1,1,70,5000,0.03,1,1
Cotton,G.COT.HY-10,,9,84,35,9,1000,42,12,2300,1,0.007,0.002,1,0.6,1.4,12,1,1,70,5000,0.03,1,1
Cotton,G.COT.HY-8,,9,80,35,9,800,42,12,1800,1,0.007,0.002,1,0.6,1.4,12,1,1,70,5000,0.03,1,1
Cotton,Abadthita,,9,70,35,9,1100,42,12,1750,1,0.007,0.002,1,0.6,1.4,12,1,1,70,5000,0.03,1,1
Cotton,LRA 5166,,9,70,35,9,1100,42,12,1750,1,0.007,0.002,1,0.6,1.4,12,1,1,70,5000,0.03,1,1
Maize,Ganga11,,10,70,30,10,900,40,10,729,1,0.006,0.0015,1,0.6,3.26,30,1,1,8500,165,0.015,1,1
Maize,Default,Most commonly grown variety of Maize growing region,10,85,30,10,890,40,10,650,1,0.006,0.0015,1,0.6,3.26,30,1,1,8500,165,0.015,1,1
Maize,Parbhat,,10,85,30,10,875,40,10,620,1,0.006,0.0015,1,0.6,3.26,30,1,1,8500,165,0.015,1,1
Maize,Navjot,,10,85,30,10,830,40,10,640,1,0.006,0.0015,1,0.6,3.26,30,1,1,8500,165,0.015,1,1
Maize,KH 510,,10,70,30,10,850,40,10,640,1,0.006,0.0015,1,0.6,3.26,30,1,1,8500,165,0.015,1,1
Maize,Kiran,,10,75,30,10,800,40,10,570,1,0.006,0.0015,1,0.6,3.26,30,1,1,8500,165,0.015,1,1
Maize,Surya,,10,75,30,10,770,40,10,575,1,0.006,0.0015,1,0.6,3.26,30,1,1,8500,165,0.015,1,1
Maize,Deccan 103,,10,80,30,10,872,40,10,626,1,0.006,0.0015,1,0.6,3.26,30,1,1,8500,165,0.015,1,1
Pigeon Pea,ICPL-4,,10,123,32,10,980,45,10,640,1,0.001,0.0065,1,0.7,1.85,16,1,1,12500,100,0.038,1,1
Pigeon Pea,ICPL-81,,10,123,32,10,1080,45,10,680,1,0.001,0.0065,1,0.7,1.85,16,1,1,12500,100,0.038,1,1
Pigeon Pea,HY-4,,10,113,32,10,1486,45,10,985,1,0.001,0.0065,1,0.7,1.85,16,1,1,12500,100,0.038,1,1
Pigeon Pea,HY-8,,10,113,32,10,1374,45,10,855,1,0.001,0.0065,1,0.7,1.85,16,1,1,12500,100,0.038,1,1
Pigeon Pea,ICPL-273,,10,113,32,10,1754,45,10,1184,1,0.001,0.0065,1,0.7,1.85,16,1,1,12500,100,0.038,1,1
Pigeon Pea,ICPH-2,,10,113,32,10,1755,45,10,750,1,0.001,0.0065,1,0.7,1.85,16,1,1,12500,100,0.038,1,1
Pigeon Pea,ICPL-270,,10,113,32,10,1755,45,10,750,1,0.001,0.0065,1,0.7,1.85,16,1,1,12500,100,0.038,1,1
Pigeon Pea,PDM-1,,10,113,32,10,1755,45,10,720,1,0.001,0.0065,1,0.7,1.85,16,1,1,12500,100,0.038,1,1
Pigeon Pea,LRG-30,,10,113,32,10,1925,45,10,585,1,0.001,0.0065,1,0.7,1.85,16,1,1,12500,100,0.038,1,1
Pigeon Pea,ICP-1-6,,10,113,32,10,1973,45,10,685,1,0.001,0.0065,1,0.7,1.85,16,1,1,12500,100,0.038,1,1
Pigeon Pea,APAU-2208,,10,112,32,10,1463,45,10,994,1,0.001,0.0065,1,0.7,1.85,16,1,1,12500,100,0.038,1,1
Pigeon Pea,ICPH-5,,10,112,32,10,1463,45,10,994,1,0.001,0.0065,1,0.7,1.85,16,1,1,12500,100,0.038,1,1
Pigeon Pea,T-21,,10,150,32,10,1850,45,10,660,1,0.001,0.0065,1,0.7,1.85,16,1,1,12500,100,0.038,1,1
Pigeon Pea,ICPL-161,,10,143,32,10,1380,40,10,1160,1,0.001,0.0065,1,0.7,1.85,16,1,1,12500,100,0.038,1,1
Pigeon Pea,CO6,,10,117,32,10,1986,45,10,1534,1,0.001,0.0065,1,0.7,1.85,16,1,1,12500,100,0.038,1,1
Pigeon Pea,Default,Most commonly grown variety of Pigeon pea growing region,10,123,32,10,1198,45,10,895,1,0.001,0.0065,1,0.7,1.85,16,1,1,12500,100,0.038,1,1
Potato,Default,This is a common variety of Potato grown in Simla.,4,330,25,4,312,35,4,903,1,0.005,0.0032,1,0.7,4,25,1,1,10000000,200000,0.015,1,1
Potato,Kufri Ashoka,,4,260,25,4,280,35,4,650,1,0.005,0.0027,1,0.6,3.5,25,1,1,10000000,200000,0.015,1,1
Potato,Kufri Chandramukhi,,4,275,25,4,290,35,4,750,1,0.004,0.0027,1,0.6,3.5,25,1,1,10000000,200000,0.015,1,1
Potato,Kufri Jyoti,,4,315,25,4,325,35,4,790,1,0.004,0.0027,1,0.6,3.5,25,1,1,10000000,200000,0.015,1,1
Potato,Kufri Badshah,,4,320,25,4,360,35,4,850,1,0.004,0.0027,1,0.6,3.5,25,1,1,10000000,200000,0.015,1,1
Potato,Kufri Pukhraj,,4,275,25,4,275,35,4,850,1,0.005,0.0027,1,0.6,3.5,25,1,1,10000000,200000,0.015,1,1
Potato,Kufri Jawahar,,4,315,25,4,360,35,4,800,1,0.005,0.0027,1,0.6,3.5,25,1,1,10000000,200000,0.015,1,1
Potato,Kufri Bahar,,4,240,25,4,230,35,4,800,1,0.005,0.0027,1,0.6,3.5,25,1,1,10000000,200000,0.015,1,1
Potato,Kufri Sutlej,,4,315,25,4,330,35,4,850,1,0.005,0.0027,1,0.6,3.5,25,1,1,10000000,200000,0.015,1,1
Potato,Kufri Lalima,,4,325,25,4,370,35,4,850,1,0.003,0.0027,1,0.6,3.5,25,1,1,10000000,200000,0.015,1,1
Potato,Kufri Sindhuri,,4,325,25,4,440,35,4,950,1,0.003,0.0027,1,0.6,3.5,25,1,1,10000000,200000,0.015,1,1
Rice,Default,Common variety of Rice grown in India,7.6,50,30,10,1650,42,10,430,1,0.009,0.0022,1,0.6,2.3,12,1,1,56000,22,0.014,1,1
Rice,IR 36,,8,80,30,8,1550,42,8,520,1,0.009,0.0022,1,0.6,2.3,12,1,1,56000,25,0.014,1,1
Rice,Akashi,,8,80,30,8,1200,42,8,520,1,0.009,0.0022,1,0.6,2.3,12,1,1,56000,23,0.014,1,1
Rice,Kauveri,,8,80,30,8,1374,42,8,520,1,0.009,0.0022,1,0.6,2.3,12,1,1,56000,25,0.014,1,1
Rice,Rasi,,8,60,30,8,1570,42,8,520,1,0.009,0.0022,1,0.6,2.3,12,1,1,56000,25,0.014,1,1
Rice,Ratna,,8,70,30,8,1525,42,8,520,1,0.009,0.0022,1,0.6,2.3,12,1,1,56000,25,0.014,1,1
Rice,Pusa Sughandh-3,Aromatic Inbred Rice,7.6,50,30,10,1500,42,10,480,1,0.009,0.0024,0.9,0.5,2.3,12,1,1,50000,23,0.013,1,1
Rice,PRH-10,Aromatic Rice Hybrid,7.6,50,30,10,1450,42,10,500,1,0.0099,0.0024,0.9,0.6,2.3,12,1,1,58000,22,0.0134,1,1
Rice,Pusa Basmati-1,Aromatic Inbred Rice,7.6,50,30,10,1600,42,10,400,1,0.007,0.0022,0.8,0.4,2.2,12,1,1,48000,21,0.01163,1,1
Sorghum,Default,Most commonly grown variety of Sorghum growing region,8,75,30,8,1270,38,8,750,1,0.004,0.0029,1,0.64,3.9,15,1,1,100000,28,0.02,1,1
Sorghum,CSH 14,,8,110,34,8,1100,40,8,770,1,0.004,0.0032,1,0.64,4,15,1,1,65000,28,0.02,1,1
Sorghum,CSH 9,,8,108,34,8,1290,40,8,770,1,0.004,0.0032,1,0.64,4,15,1,1,65000,28,0.02,1,1
Sorghum,CSH 6,,8,108,34,8,1110,40,8,780,1,0.004,0.0032,1,0.64,4,15,1,1,65000,28,0.02,1,1
Sorghum,CSH 16,,8,107,34,8,1230,40,8,710,1,0.004,0.0032,1,0.64,4,15,1,1,65000,28,0.02,1,1
Sorghum,CSH 17,,8,105,34,8,1230,40,8,750,1,0.004,0.0032,1,0.64,4,15,1,1,65000,28,0.02,1,1
Sorghum,CSV 13,,8,115,34,8,1450,40,8,720,1,0.004,0.0032,1,0.64,4,15,1,1,65000,28,0.02,1,1
Rice,Pusa Sughandh-5,Aromatic Inbred Rice,7.6,72,30,10,1524,42,10,575,1,0.009,0.0024,0.9,0.5,2.3,12,1,1,50000,23,0.013,1,1
Maize,Bio 9637,,10,80,30,10,900,40,10,625,1,0.006,0.0015,1,0.6,3.26,30,1,1,8500,165,0.015,1,1
Maize,X 3352,,10,80,30,10,825,40,10,560,1,0.006,0.0015,1,0.6,3.26,30,1,1,8500,165,0.015,1,1
Maize,Him-129,,10,70,30,10,780,40,10,650,1,0.006,0.0015,1,0.6,3.26,30,1,1,8500,165,0.015,1,1
PearlMillet,Default,Most commonly grown variety of Millet growing region,10,73,33,10,870,40,10,610,1,0.0011,0.0036,1,0.6,3.8,20,1,1,85000,12,0.02,1,1
PearlMillet,MLBH 104,,10,71,33,10,710,40,10,650,1,0.0011,0.0039,1,0.6,3.85,20,1,1,75000,12,0.02,1,1
PearlMillet,HHB 67,,10,78,33,10,700,40,10,610,1,0.0011,0.0036,1,0.6,3.8,20,1,1,75000,12,0.02,1,1
PearlMillet,ICMH 451,,10,74,33,10,800,40,10,610,1,0.0011,0.0038,1,0.6,3.9,20,1,1,75000,12,0.02,1,1
PearlMillet,ICMH 352,,10,76,33,10,870,40,10,590,1,0.0011,0.0036,1,0.6,3.8,20,1,1,75000,12,0.02,1,1
PearlMillet,PUSA 23,,10,74,33,10,850,40,10,670,1,0.0011,0.0036,1,0.6,3.8,20,1,1,75000,12,0.02,1,1
Mustard,Default,Most commonly grown variety of Mustard growing region,5,110,24,5,840,40,5,1150,1,0.008,0.0022,1,0.6,3.62,35,1,1,3000000,8,0.039,1,1
Mustard,Pusa bold,,5,100,24,5,760,40,5,1050,1,0.008,0.002,1,0.6,2,35,1,1,3000000,8,0.039,1,1
Mustard,Varuna,,5,110,24,5,760,40,5,990,1,0.008,0.002,1,0.6,2.3,35,1,1,3000000,8,0.039,1,1
Mustard,Pusa jaikisan,,5,120,24,5,830,40,5,718,1,0.008,0.0022,1,0.6,2.3,35,1,1,3000000,8,0.039,1,1
Mustard,Pusa Kalyani,,5,100,24,5,900,40,5,850,1,0.008,0.0022,1,0.6,2.3,35,1,1,3000000,8,0.039,1,1
Mustard,RK 8,,5,90,24,5,1400,40,5,930,1,0.008,0.002,1,0.6,2.3,35,1,1,3000000,8,0.039,1,1
Mustard,BO 54,,5,100,24,5,1020,40,5,820,1,0.008,0.0022,1,0.6,2.3,35,1,1,3000000,8,0.039,1,1
Mustard,Rohini,,5,100,24,5,865,40,5,658,1,0.008,0.002,1,0.6,2.3,35,1,1,3000000,8,0.039,1,1
Mustard,Toria(T9),,5,55,24,5,475,40,5,900,1,0.008,0.002,1,0.6,2,35,1,1,3000000,8,0.039,1,1
Mustard,RH30,,5,90,24,5,780,40,5,1030,1,0.008,0.0022,1,0.6,3.62,35,1,1,3000000,8,0.039,1,1
Mustard,RH0749,,5,110,24,5,820,40,5,1100,1,0.008,0.0022,1,0.6,3.62,35,1,1,3000000,8,0.039,1,1
Pigeon Pea,BDN1,,10,134,32,10,1920,45,10,640,1,0.001,0.0016,1,0.7,1.85,16,1,1,12500,100,0.038,1,1
Pigeon Pea,ICPL-87,,10,123,32,10,1098,45,10,705,1,0.001,0.0088,1,0.7,1.85,16,1,1,12500,100,0.038,1,1
Sorghum,CSV 15,,8,115,34,8,1300,40,8,770,1,0.004,0.0032,1,0.64,4,15,1,1,65000,28,0.02,1,1
Sorghum,CSH 18,,8,107,34,8,1520,40,8,680,1,0.004,0.0032,1,0.64,4,15,1,1,65000,28,0.02,1,1
Sorghum,COP7,,7.6,50,30,10,1720,42,10,434,1,0.009,0.0022,1,0.56,2.44,12,1,0.9,56000,23,0.016,1,1
Soybean,JS-335,,8,80,26,8,500,40,8,1070,1,0.005,0.0035,1,0.6,2,20,1,1,6500,150,0.062,1,1
Soybean,JS71-05,,8,80,26,8,490,40,8,1100,1,0.005,0.0035,1,0.6,2,20,1,1,6500,150,0.062,1,1
Soybean,Default,Most commonly grown variety of Soyabean growing region,8,80,26,8,500,40,8,1250,1,0.005,0.0035,1,0.6,1.8,20,1,1,13500,120,0.062,1,1
Wheat,HD2285,,3.6,70,25,4.5,750,40,7.5,393,1,0.008,0.0022,1,0.6,2.8,30,1,1,29000,42,0.02,1,1
Wheat,PBW154,,3.6,70,25,4.5,850,40,7.5,393,1,0.0075,0.0022,1,0.6,2.8,30,1,1,28000,45,0.02,1,1
Wheat,Default,Most commonly grown variety of Wheat growing region,3.6,70,25,4.5,800,40,7.5,373,1,0.005,0.002,1,0.6,2.75,25,1,1,30000,42,0.02,1,1
Wheat,Sonora 64,,3.6,70,25,4.5,857,40,7.5,393,1,0.008,0.00199,1,0.6,2.8,30,1,1,16400,41.9,0.02,1,1
Wheat,Kalyansona,,3.6,70,25,4.5,1068,40,7.5,393,1,0.008,0.00195,1,0.6,2.8,30,1,1,15000,42.8,0.02,1,1
Wheat,Sonalika,,3.6,60,25,4.5,885,40,7.5,393,1,0.008,0.0021,1,0.6,2.8,30,1,1,13700,54.5,0.02,1,1
Wheat,Moti,,3.6,65,25,4.5,912,40,7.5,393,1,0.008,0.0018,1,0.6,2.8,30,1,1,22100,48.8,0.02,1,1
Wheat,HD 2009,,3.6,70,25,4.5,967,40,7.5,393,1,0.008,0.002,1,0.6,2.8,30,1,1,19600,42,0.02,1,1
Wheat,HD 2204,,3.6,67,25,4.5,930,40,7.5,393,1,0.008,0.0019,1,0.6,2.8,30,1,1,17300,46.9,0.02,1,1
Wheat,WL 711,,3.6,68,25,4.5,1007,40,7.5,393,1,0.008,0.0018,1,0.6,2.8,30,1,1,14500,44.9,0.02,1,1
Wheat,KSML 3,,3.6,70,25,4.5,1077,40,7.5,393,1,0.008,0.0018,1,0.6,2.8,30,1,1,16600,42,0.02,1,1
Wheat,Raj 1482,,3.6,69,25,4.5,1012,40,7.5,393,1,0.008,0.0017,1,0.6,2.8,30,1,1,18000,43.4,0.02,1,1
Wheat,HD 2329,,3.6,67,25,4.5,1012,40,7.5,393,1,0.008,0.0019,1,0.6,2.8,30,1,1,18800,45.5,0.02,1,1
Wheat,HD 2270,,3.6,67,25,4.5,950,40,7.5,393,1,0.008,0.0018,1,0.6,2.8,30,1,1,13300,45.8,0.02,1,1
Wheat,HD 2428,,3.6,70,25,4.5,1085,40,7.5,393,1,0.008,0.0019,1,0.6,2.8,30,1,1,18200,42.9,0.02,1,1
Wheat,Raj 3077,,3.6,70,25,4.5,1065,40,7.5,393,1,0.008,0.002,1,0.6,2.8,30,1,1,16300,41.9,0.02,1,1
Wheat,CPAN 3004,,3.6,70,25,4.5,1045,40,7.5,393,1,0.008,0.002,1,0.6,2.8,30,1,1,16100,42.3,0.02,1,1
Wheat,xxxx,,3.6,75,25,4.5,780,40,7.5,393,1,0.008,0.0022,1,0.6,2.8,30,1,1,3000,42,0.02,1,1
